1202
1136
1171
1193
1099
1168
1115
1200
1226
1304
1192
1219
1208
1232
1102
1143
1110
1162
1135
1218
1048
1216
1136
1174
1148
1172
1129
1193
1262
1184
1175
1190
1166
1176
1262
992
1172
1197
1190
1221
1150
1127
1223
1191
1184
1245
1172
1179
1164
1248
1222
1155
1158
1158
1164
1124
1180
1162
1141
1063
1154
1148
1174
1026
1164
1130
1112
1137
1166
1192
1134
1108
1152
1125
1096
1140
1150
1115
1120
1191
1046
1136
1093
1161
1120
1166
1120
1182
1132
1165
1162
1216
1160
1192
1133
1158
1229
1124
1070
1056
990
997
967
772
853
663
724
513
357
247
103
118
66
61
61
66
65
66
75
71
70
68
63
70
73
145
271
265
455
431
479
692
632
838
925
1033
1084
1157
1113
990
1156
1068
1175
1168
1169
1121
1163
1085
1128
1200
1166
1192
1084
1225
1191
1238
1286
1230
1246
1176
1260
1266
1256
1290
1250
1234
1126
1221
1264
1204
1260
1202
1158
1244
1242
1236
1308
1225
1124
1178
1196
1185
1187
1169
1113
1137
1127
1208
1152
1102
1104
1139
1099
1192
1144
1192
1196
1142
1139
1152
1162
1160
1124
1042
1158
1175
1180
1206
1165
1128
1171
1150
1164
1138
1099
1197
1097
1149
1115
1159
1132
1120
1139
1122
1139
1148
1166
1176
1108
1185
1134
1128
1196
1130
1105
1167
1092
1120
1104
1128
1208
1073
1132
1172
1136
1149
1114
1171
1078
1260
1156
1129
1180
1180
1152
1174
1192
1154
1132
1112
1141
1177
1168
1138
1170
1182
1144
1145
1168
1192
1209
1131
1115
1086
1117
1130
1134
1208
1140
1120
1148
1244
1209
1196
1188
1220
1246
1198
1216
1179
1164
1152
1257
1160
1209
1216
1196
1208
1201
1178
1212
1128
1219
1160
1260
1098
1120
1113
1132
1148
1137
1098
1099
1167
1154
1072
1210
948
1156
1104
1161
1122
1148
1160
1116
1102
1142
1128
1168
1089
1120
1100
1128
1156
1144
1094
1089
1142
1216
1072
1118
1110
1161
1192
1148
1132
1217
1202
1108
1107
1154
1149
1152
1136
1110
1110
1105
1126
1196
1148
1132
1159
1208
1068
1232
1050
1120
1000
908
842
778
589
549
348
314
278
163
140
87
55
84
64
76
66
57
58
73
76
55
92
66
69
216
256
384
538
569
790
935
874
973
944
1050
1094
1116
1108
1144
1200
1209
1243
1200
1334
1244
1219
1286
1172
1226
1206
1228
1198
1212
1198
1126
1156
1192
1028
1205
1157
1174
1200
1190
1176
1092
1149
1129
1046
1066
1073
1201
1129
1136
1128
1146
1036
1220
1124
1152
1315
1272
1274
1280
1240
1272
1198
1152
1048
1162
1096
1202
1131
1186
1167
1100
1108
1122
1106
1090
1187
1131
1156
1131
1147
1104
1140
1088
1113
1188
1220
1139
1178
1203
1109
1132
1163
1146
1003
996
1135
1128
1073
1193
1129
1239
1142
1137
1120
1184
1180
1153
1164