1024
1064
1128
1157
1192
1117
1216
1177
1312
1266
1126
1152
1256
1264
1179
1099
1204
1019
1135
1076
1066
1115
1096
1133
1213
1219
1165
1127
1076
1123
1055
1122
1132
1014
1089
1068
1114
1140
1184
1099
1080
1084
1086
1164
1143
1168
1070
1038
1082
1132
1150
1141
1156
1190
1184
1168
1200
1281
1241
1142
1272
1251
1284
1125
1069
1146
1064
1038
1070
1027
1077
1090
1137
1159
1078
1110
1068
1092
1062
1155
1143
1109
1052
1066
1153
1080
1132
1100
1083
1172
1019
1036
1163
1091
1045
1149
1088
1130
1037
1072
1097
1142
1098
1051
1169
1153
1148
1198
1137
1148
1064
1016
1052
1085
1059
1114
1168
1075
1033
1129
1074
1112
1078
1039
1117
1167
1136
1088
1103
1153
1187
1143
1162
1157
1202
1107
1164
1124
1071
1148
1242
1184
1186
1138
1140
1091
1173
1133
1230
1199
1110
1152
1237
1224
1166
1112
1169
1183
1099
1112
1173
1103
1177
1204
1198
1142
1198
1126
1112
1095
1120
1088
1160
1184
1165
1157
1176
1155
1043
1080
1125
1155
1125
1080
1115
1083
1122
1119
1080
1062
1123
1110
1164
1141
1025
1010
1091
1053
1106
1120
1181
1070
1032
1116
1203
1132
1093
1082
1168
1750
2402
3180
3346
3528
3591
3634
3560
3670
3555
3751
3778
3559
3750
3756
3787
3789
3688
3663
3699
3826
3800
3736
3804
3648
3648
3714
3724
3609
3678
3680
3680
3648
3560
3628
3662
3656
3663
3559
3625
3676
3662
3601
3632
3664
3591
3636
3572
3576
3554
3600
3547
3696
3726
3793
3686
3644
3584
3624
3742
3641
3753
3689
3508
3591
3580
3526
3534
3324
3033
2608
1976
1520
1205
1149
1162
1087
1111
1089
1206
1123
1110
1193
1107
1106
1124
1075
1028
1107
1192
1149
1046
1068
1048
1106
1033
1128
1082
1084
1191
1177
1137
1168
1116
1054
1069
1084
1066
1157
1178
1091
1064
1159
1088
1064
1117
1216
1179
1140
1139
1280
1130
1210
1174
1121
1222
1126
1075
1090
1113
1157
1129
1158
1131
1072
1228
1164
1086
1145
1064
1179
1161
1164
1144
1116
1103
1045
1124
1177
1200
1050
1077
1146
1092
1079
1163
1080
1120
1107
1108
1154
1110
1196
1102
1083
1042
1006
1155
1170
1194
1045
1152
1174
1187
1184
1144
1096
1186
1084
1211
1212
1248
1203
1240
1158
1166
1127
1044
1203
1193
1156
1104
1184
1137
1051
1228
1120
1126
1160
1198
1180
1148
1211
1117
1139
1164
1129
1189
1218
1088
1129
1116
1124
1151
1115
1234
1142
1262
1208
1233
1224
1191
1069
1199
1201
1160
1224
1219
1160
1102
1156
1004
1206
1136
1098
1069
1176
1168
1156
1136
1139
1143
1098
1170
1075
975
1084
1159
1174
1092
1152
1164
1120
1112
1159
1073
1155
1125
1092
974
1029
1104
1156
1122
1177
1116
1091
1091
1127
1105
1122
1179
1135
1143
1098
1095
1103
1118
1117
1106
1196
1056
1091
1064
1188
1123
1090
1176
1036
1152
1155