1108
1172
1277
1182
1177
1146
1218
1132
1092
1103
1128
1196
1218
1242
1274
1154
1166
1280
1191
1031
1177
1116
1168
1122
1210
1256
1250
1215
1117
1232
1083
1207
1112
1036
1173
1261
1129
1111
1054
1101
1159
1077
1109
1109
1157
1132
1022
1101
1074
1172
1054
1084
1169
1129
1076
1089
1072
1093
1024
1072
1155
1074
1161
1127
1074
1106
1176
1037
1216
1132
1089
1071
1165
1210
1146
1068
1092
1128
1120
1024
1127
1152
1003
480
148
136
119
83
77
89
120
130
106
74
114
131
55
79
69
68
69
58
111
118
100
124
64
199
152
386
867
1050
1021
1216
1131
1072
1152
1102
1167
1102
1100
1123
1112
1150
1032
1036
1148
1068
1145
1107
1098
1056
1080
1164
1168
1094
1133
1085
1131
1084
1071
1080
1141
1132
1114
1140
1121
1022
1216
1010
1162
1136
1195
1156
1310
1237
1309
1180
1216
1096
1148
1097
1161
1069
1150
1132
1100
1199
1115
1140
1152
1150
1128
1112
1137
1192
1087
1151
1146
1123
1150
1118
1175
1060
1108
1148
1170
1108
1183
1060
1176
1069
1097
1168
1162
1108
1124
1116
1100
1104
1085
1052
1140
1168
1123
1211
1119
1183
1138
1171
1187
1154
1139
1300
1124
1125
1177
1149
1194
1172
1266
1266
1266
1132
1192
1287
1220
1048
1198
1175
1204
1161
1188
1218
1158
1100
1144
1123
1109
1157
1109
1107
1202
1159
1090
1168
1166
1136
1134
1156
1102
1146
1073
1168
1130
1101
1164
1084
1120
1147
1097
1136
1157
1094
1087
1180
1059
1119
1177
1131
1078
1136
1168
1055
1127
1220
1141
1131
1154
1112
1152
1108
1142
1149
1179
1039
1050
1107
1105
1123
1189
1179
1126
1148
1179
1105
1123
1127
1110
1208
1091
1112
1072
1169
1152
1219
1184
1211
1133
1171
1120
1124
1132
1081
1193
1214
1130
1159
1106
1070
1143
1153
1244
1147
1084
1063
1092
1098
1064
1038
1122
1200
1180
1095
1102
1179
1152
1133
1156
1117
1229
1176
1254
1170
1190
1244
1276
1146
1153
1213
1173
1202
1088
1215
1209
1234
1185
1185
1183
1172
1203
1181
1089
1178
1156
1138
1141
1166
1124
1148
1110
1129
1100
1123
1151
1111
1098
1108
1161
1101
1144
1203
1234
1209
1318
1268
1336
1137
1128
1103
940
418
179
149
136
88
131
121
147
113
62
177
129
183
136
168
111
81
84
139
143
173
147
112
179
151
151
169
525
1076
1115
1134
1056
1097
1145
1113
1135
1152
1124
1176
1138
1048
1158
1212
1162
1084
1073
1135
1096
1093
1100
1127
1138
1107
1151
1088
1088
1115
1148
1134
1090
1182
1198
1156
1063
1146
1171
1148
1134
1320
1168
1201
1313
1102
1230
1185
1076
1188
1190
1180
1188
1130
1193
1190
1216
1256
1156
1126
1184
1163
1244
1147
1216
1172
1250
1178
1150
1051
1211
1105
1090
1094
1192
1153
1097
1111
1086
1152
1157
1103