1071
974
1076
1090
1120
1136
1192
1224
1113
1211
1170
1226
1185
1156
1128
1081
1118
1027
1067
1141
1013
1113
1049
1203
1244
1206
1186
1196
1221
1188
1168
1190
1174
1248
1097
979
1056
999
1095
1068
1060
985
1136
1028
1018
974
1132
1096
1121
1072
1058
1095
1108
1117
1061
1120
1107
1112
1109
1103
1059
977
1107
960
1106
1047
1058
1103
1084
1042
1133
1070
1130
1055
1092
1134
1161
1096
1017
1118
1054
1017
1181
1070
1146
1123
1119
1113
1122
1059
1062
1087
1054
1098
1130
1142
1040
1063
1131
969
1032
936
1068
1119
1123
1009
1162
989
1141
968
1212
957
1163
972
1155
1039
1045
983
1184
1049
1141
1142
1148
1042
1184
942
1118
992
1139
958
1143
996
1193
1040
1163
1040
1185
1028
1073
1096
1148
1015
1220
1068
1185
1212
1209
1040
1174
1058
1046
1028
1041
1043
1128
1059
1100
1149
1108
1068
1112
1087
1068
1068
1056
1126
1075
1137
1172
1100
1169
1129
1085
957
1082
1069
1201
1067
1113
1124
1141
1232
1098
1170
1150
942
1063
933
1076
1093
1088
1119
1156
1097
1096
1041
1005
1006
1220
1067
1182
1226
1308
1492
1844
2144
2487
2818
2965
3216
3416
3564
3587
3588
3441
3520
3656
3410
3540
3536
3384
3361
3348
3376
3241
3365
3271
3260
3200
3200
3185
3256
3320
3120
3288
3195
3256
3378
3400
3380
3336
3360
3522
3425
3391
3392
3383
3260
3320
3143
3084
2882
2800
2584
2345
1927
1770
1530
1394
1187
1236
1127
1150
1114
1050
1056
1090
1103
1053
1056
1044
1104
1067
1053
1048
1144
1115
1205
1212
1150
1172
1178
1178
1228
1270
1235
1257
1202
1193
961
1108
1029
1067
988
1149
1056
1110
1079
1108
1090
1134
1176
1028
1082
1091
1078
1104
1143
1117
1060
1075
1148
1052
1011
1111
995
1067
1089
1114
1115
1068
1147
1152
1113
1154
1137
1032
1095
1164
1061
1078
1115
1126
1045
1132
986
1112
1098
998
1053
1058
1090
1080
1088
1080
1068
1081
1164
1077
1043
1094
1029
1137
1023
1100
1088
1196
1175
1208
1055
1143
1003
1058
984
1080
1049
1098
949
1168
1085
1127
997
1172
1130
1148
1004
1097
1046
1113
987
1182
984
1241
940
1116
1021
1128
903
1200
1160
1145
1006
1156
1042
1184
1168
1049
1017
1124
1150
1084
1040
1107
1122
1152
1169
996
1068
1087
1095
1030
1026
1074
952
1097
1155
1104
1172
1057
1096
1073
1130
1168
1128
1029
1098
1079
1088
1145
1083
1036
956
1127
1072
1037
1105
1156
1047
1073
1116
1126
1166
1076
979
1113
1117
1048
1095
1073
970
1055
1168
1107
1062
1090
1025
1111
1043
1044
1082
1108
1108
1088
1145
1091
1120
1079
1092
1027
1078
1075
1110
1104
1079
1094
1075
1114
1200
1056
1062
1095
1095
1051
1132
1097
968
1076
1169
1072
1027
1061
1053
1038
1126
1057
1076
1091
1209
1116
1120