1089
1116
1204
1258
1240
1200
1232
1219
1020
1001
1090
1171
1296
1340
1175
1188
1180
1188
1148
1164
1131
1115
1225
1170
1150
1170
1147
1158
1180
1056
1059
1132
1055
1181
1170
1184
1205
1296
1107
1281
1161
1368
1155
1199
1107
1116
1118
1144
1104
1097
1086
1177
1155
1098
1096
1120
1101
1073
1071
1094
1098
1148
1116
1152
1176
1162
1181
1136
1175
1168
1160
1210
1216
1223
1173
1220
1192
1224
1179
1208
1217
1217
1140
934
791
716
378
304
151
199
88
49
50
50
33
94
21
42
41
87
52
60
49
27
47
93
51
81
58
110
146
288
534
795
1059
1163
1097
1112
1037
1057
1102
1111
1198
1251
1240
1305
1347
1206
1161
1095
1113
1070
1184
1084
1136
1205
1109
1087
1094
1111
1078
1153
1176
1141
1176
1058
1224
1092
1056
1124
1109
1136
1053
1122
1180
984
1118
1153
1098
1130
1190
1216
1125
1126
1164
1104
1099
1020
1100
1136
1217
1104
1143
1162
1065
1100
1134
1051
1244
1090
1142
1055
1073
1135
1220
1064
1087
1103
1120
1177
1201
1158
1164
1238
1164
1153
1133
1164
1168
1212
1211
1266
1142
1226
1205
1137
1244
1215
1207
1183
1163
1220
1154
1185
1154
1154
1160
1144
1150
1084
1143
1143
1089
1197
1098
1076
1144
1095
1171
1158
1147
1155
1144
1151
1116
1083
1079
1168
1142
1232
1064
1128
1181
1201
1187
1112
1142
1172
1073
1094
1177
1142
1089
1059
1142
1127
1233
1222
1194
1240
1258
1234
1273
1111
1184
1087
1080
1221
1079
1158
1183
1122
1152
1197
1180
1081
1128
1131
1048
1133
1094
1088
1128
1106
1140
1185
1152
1099
1092
1238
1168
1138
1166
1139
1090
1180
1078
1240
1219
1272
1216
1224
1148
1068
1104
1099
1128
1102
1184
1132
1108
1157
1179
1119
1194
1111
1128
1179
1251
1206
1187
1158
1184
1138
1173
1120
1160
1170
1127
1218
1217
1226
1296
1270
1180
1144
1212
1116
1233
1285
1136
1147
1127
1170
1147
1171
1165
1240
1325
1275
1156
1316
1171
1067
1171
1198
1215
1073
1128
1100
1033
1132
1085
1129
1164
1118
1198
1124
1196
1242
1121
1058
1180
1190
1174
1118
1115
1202
1184
1093
1146
1138
1128
1144
1103
1128
1057
787
477
132
69
89
129
54
20
36
58
47
84
40
61
111
51
76
16
31
65
102
10
55
40
72
47
134
172
328
646
689
900
964
1084
1143
1097
1044
1118
1231
1140
1145
1120
1168
1108
1169
1166
1223
1135
1110
1116
1071
1162
1098
1142
1151
1139
1211
1172
1261
1217
1206
1172
1127
1267
1232
1178
1137
1193
1121
1248
1208
1166
1206
1200
1188
1195
1130
1185
1204
1163
1196
1108
1118
1189
1187
1203
1140
1155
1285
1136
1192
1207
1204
1243
1126
1098
1101
1183
1223
1185
1180
1040
1170
1111
1114
1110
1064
1137
1168
1099
1091
1113
1100