1086
997
1036
1141
1077
1135
1078
1009
1079
1168
1193
1266
1222
1264
1222
1080
1172
1204
1142
1244
1200
1193
1159
1194
1253
1229
1144
1117
1123
973
1092
1062
1135
1091
1067
1107
1140
1104
1152
1168
1181
1204
1202
1216
1202
1218
1269
1126
1136
1228
1212
1218
1192
1184
1115
1252
1129
1112
1184
1064
1081
1073
1102
1122
1150
982
1128
1111
1059
1132
1054
1090
1128
1167
1089
1020
1123
1065
1129
994
1036
1097
1080
1121
1115
1011
1100
1073
1174
1061
1075
1094
1075
1077
1005
1057
1165
1066
1120
1054
1086
1070
1106
1061
1111
1139
1135
1075
1071
1080
1163
1104
1121
1085
1115
1004
1036
1133
1116
1095
1131
1084
1092
1135
1059
1188
1131
1089
1108
1092
1076
1105
1060
1054
1099
954
1111
1182
1156
1101
1154
1118
1124
1174
1081
995
1158
1109
1107
1089
1074
1086
1010
1043
1070
1108
1111
1064
1083
1090
1094
1085
1118
1127
1142
1104
1063
1050
1044
1168
1188
1115
1144
1054
1021
1114
1046
1092
1090
1009
1103
1156
1184
1165
1136
1093
1060
1118
1152
1118
1145
1033
1059
1156
1128
1092
1108
1161
1096
1219
1156
1188
1111
1241
1175
1238
1258
1261
1331
1448
1344
1539
1552
1683
1808
1755
1788
1916
1920
2132
2001
2171
2364
2452
2631
2518
2433
2756
2794
2784
2776
2882
3026
2912
2946
2988
2952
2920
3076
2983
2998
2978
2946
2966
2956
2971
3096
3024
3142
3045
3056
3149
3084
3206
3231
3143
3172
3182
3106
3120
3049
3154
3035
3044
2930
2820
2892
2776
2596
2496
2511
2404
2270
2171
2096
2048
2080
1935
2080
1994
1784
1728
1820
1827
1803
1723
1602
1532
1457
1483
1609
1368
1378
1306
1274
1312
1171
1168
1148
1159
1110
1102
1084
1162
1099
1088
1138
1092
1088
1119
1073
1123
1091
1090
1154
1115
1138
1060
1040
1016
1017
1044
1103
1150
1222
1241
1169
1154
1131
1148
1194
1205
1120
1240
1176
1219
1256
1180
1224
1018
1241
1225
1200
1159
1102
1148
1138
1065
1124
1150
1094
1123
1103
1116
1196
1247
1144
1258
1097
1160
1145
1123
1160
1038
1108
1131
1179
1132
1159
1144
1211
1180
1043
1108
1187
1187
1157
1170
1027
1188
1162
1176
1196
1144
1089
1158
1067
1170
995
1232
1086
1191
1196
1203
1088
1187
1120
1126
989
1175
1180
1196
1163
1067
1003
1208
1122
1056
1090
1165
1172
1088
1217
1132
1160
1118
1102
1103
1128
1191
1106
1059
1115
1090
1070
1027
1068
1095
965
1070
1121
1028
1155
1106
1144
1070
1120
1079
1101
1032
1089
1120
1162
1170
1155
1146
1194
1111
1135
1123
1057
1132
1049
1113
1127
1084
1096
1024
1113
1112
1164
1122
1147
1154
1041
1063
1088
1043
1072
1056
1094
1062
1127
1110
1170
1024
1157
1096
1044
1154
1109
1124
1126
1112
1096
1069
1054
1093
1081
1098
1143
1106
1002
1132
1077
1084
1100
1115
1094
1134