1091
1132
1137
1264
1184
1296
1229
1154
1159
1040
1127
1108
1298
1180
1167
1206
1264
1171
1173
1050
1132
1099
1140
1164
1142
1173
1196
1180
1243
1172
1204
1172
1103
1265
1142
1158
1256
1243
1217
1115
1180
1195
1249
1250
1216
1326
1262
1108
1132
1170
1194
1120
1184
1145
1129
1204
1223
1111
1073
1180
1057
1145
1222
1135
1147
1160
1038
925
1022
942
1020
903
832
741
687
733
652
422
329
339
268
334
265
297
280
270
198
250
232
174
222
231
207
255
237
260
297
384
296
392
396
477
517
596
819
856
947
1011
1049
1136
1204
1183
1152
1140
1087
1127
1094
1078
1116
1140
1144
1178
1132
1221
1116
1068
1150
1178
1128
1187
1196
1118
1080
1108
1178
1160
1119
1056
1200
1204
1091
1132
1107
1082
1110
1156
1140
1172
1204
1199
1228
1277
1259
1262
1222
1166
1116
1172
1248
1241
1186
1160
1087
1257
1209
1193
1289
1105
1246
1137
1249
1152
1168
1137
1226
1170
1206
1124
1208
1112
1189
1212
1060
1109
1119
1136
1246
1112
1162
1151
1080
1208
1114
1088
1159
1075
1195
1036
1130
1169
1080
1095
1090
1114
1160
1151
1154
1043
1065
1162
1097
1184
1121
1152
1188
1128
1185
1108
1077
1161
1171
1203
1154
1130
1156
1029
1004
1161
1056
1184
1220
1196
1145
1115
1166
1112
1112
1211
1137
1110
1095
1139
1158
1047
1071
1164
1132
1196
1107
1137
1119
1121
1120
1218
1135
1209
1121
1147
1269
1146
1137
1072
1182
1074
1107
1140
1101
1143
1110
1168
1136
1044
1176
1107
1093
1090
1153
1175
1101
1150
1070
1036
1114
1258
1209
1157
1152
1164
1134
1276
1197
1114
1118
1222
1160
1240
1200
1194
1146
1273
1170
1101
1229
1164
1119
1200
1188
1173
1228
1056
1163
1147
1145
1111
1148
1134
1190
1097
1194
1178
1131
1085
1106
1113
1109
1118
1142
1076
1202
1078
1208
1205
1196
1183
1171
1167
1212
1215
1180
1079
1114
1111
1208
1125
1149
1083
1155
1177
1120
1113
1109
1089
1063
1114
1161
1132
1049
1084
1161
1114
1080
1216
1120
1129
1136
1180
1093
1168
1101
1178
1119
1069
1111
1171
1159
1145
1147
1096
1160
1134
1154
1119
1123
1102
1172
1180
1168
1072
1172
1105
1242
1182
993
1040
939
875
839
712
585
474
423
438
321
395
263
326
221
274
196
223
241
319
280
251
250
267
218
315
301
352
332
376
304
464
465
540
675
709
784
918
991
1119
925
958
1038
1054
974
1069
1119
1088
1095
1154
1084
1146
1081
1063
1085
1208
1165
1136
1170
1122
1139
1074
1119
1155
1162
1118
1122
1196
1243
1150
1162
1046
1053
1103
1124
1080
1112
1126
1059
1167
1116
1090
1142
1095
1185
1112
1117
1178
1097
1102
1191
1036
1112
1053
1120
1095
1084
1082
1098
1137
1155
1078
1211
1070
1086
1108
1120
1027