979
1006
1139
1096
1040
1143
1156
1136
1151
1286
1252
1232
1216
1188
1210
1240
1333
1210
1188
1204
1150
1280
1031
1132
1037
1137
1110
1179
1049
1137
1183
1161
1034
1037
969
1042
1003
1089
1056
1206
1142
1244
1246
1289
1250
1232
1193
1292
1055
1114
1214
1230
1124
1057
1158
1085
1133
1081
1134
1181
1274
1116
1121
1078
1060
1044
1110
1055
1092
1132
1104
1046
1115
990
1081
1078
1052
990
1026
1029
1135
1204
1149
1136
1188
1116
1128
1082
1131
1197
1107
1152
1167
1137
1131
1127
1110
1049
1084
1005
1023
1124
1134
1142
1107
1143
1139
1132
1111
1105
1133
1098
1083
1063
1128
1141
1074
1130
1058
1087
1134
1214
1125
1052
1115
1209
1219
1012
1132
1160
1149
1169
1113
1051
1058
1081
1088
1046
1236
1284
1200
1233
1213
1260
1167
1233
1128
1078
1216
1253
1246
1206
1178
1107
1173
1146
1245
1174
1182
1313
1232
1162
1190
1062
1229
1234
1126
1164
1198
1099
1118
1120
1140
1114
1103
1099
1186
1213
1202
1264
1048
1238
1192
1076
1276
1296
1169
1252
1250
1270
1153
1292
1380
1354
1083
1196
1270
1342
1432
1321
1380
1395
1383
1368
1344
1560
1456
1430
1544
1500
1555
1620
1692
1728
1661
1856
1700
1871
1824
2015
1910
2011
2051
1976
2139
2310
2253
2387
2288
2386
2428
2424
2680
2618
2488
2653
2523
2661
2602
2665
2784
2684
2640
2711
2752
2835
2816
2782
2816
2755
2601
2729
2706
2604
2796
2816
2812
2761
2823
2752
2825
2828
2852
2696
2574
2416
2638
2365
2466
2316
2346
2150
2215
2100
2181
2056
2064
2070
2033
1897
1848
1846
1741
1652
1809
1726
1652
1629
1509
1580
1536
1491
1392
1300
1321
1342
1454
1267
1268
1283
1228
1184
1308
1258
1224
1186
1161
1120
1212
1168
1184
1108
1115
1266
1147
1194
1097
1152
1152
1145
1092
1132
1120
1101
1189
1132
1073
1084
1109
1144
1130
1111
1016
1090
1135
1198
1146
1149
1077
1127
1081
1077
1171
1112
1161
1087
1039
1132
1102
1094
1031
1056
1105
1102
1088
1104
1102
1104
1048
1103
1134
1142
1083
1031
1142
1096
1088
1061
1109
1053
1082
968
953
1080
1129
1132
1144
1153
1052
1049
1100
1096
1016
1160
1137
1060
1064
1091
1093
1063
1098
1136
1089
1055
1057
1159
1090
1075
1095
1108
1084
1104
1131
1073
1097
1122
1081
1113
1170
1107
1061
1052
1072
1061
1107
1176
1197
1146
1114
1164
1147
1120
1119
1132
1086
1084
1075
1110
1105
1052
1130
1047
1103
1075
1106
1132
1094
1101
1100
1150
1175
1069
1105
1062
1011
1066
1081
1227
1079
1103
1171
1126
1061
1148
1059
1104
1091
1124
1093
1160
1122
1085
1095
1065
1104
1103
1143
1029
1054
1108
1079
1103
1119
1078
1107
1001
1058
1115
1130
1143
1076
1096
1144
1108
1116
1105
1136
987
992
1052
1127
1129
1091
1059
1025
1117
1148
1087
1100
1076