1011
1163
1251
1291
1144
1039
1312
1112
1134
1107
1140
1164
1233
1200
1158
1281
1286
1057
1222
1128
1044
1149
1051
1156
1119
1099
1140
1108
1243
1036
1131
1118
1120
1182
1108
1172
1144
1095
1127
1112
1138
1168
1085
1127
1108
1146
1144
1100
1130
1166
1165
1117
1112
1100
1153
1202
1239
1219
1131
1194
1131
1153
1207
1175
1156
1250
1223
1177
1110
1126
1215
1238
1164
1143
1191
1232
1074
1068
1015
981
1048
1008
860
763
666
684
607
478
400
358
358
290
209
220
139
103
71
53
118
40
190
60
52
78
130
168
170
159
209
137
180
251
318
350
419
513
677
739
784
849
861
988
962
1036
1147
1104
1114
1059
1111
1147
1134
1153
1053
1222
1107
1145
1249
1139
1108
1100
1194
1077
1138
1069
1118
1121
1187
1062
1120
1080
1069
1200
1123
1152
1100
1069
1063
1145
1083
1176
1152
1127
1127
1186
1183
1167
1144
1104
1160
1216
1143
1152
1148
1066
1125
1110
1184
1106
1137
1124
1083
1256
1181
1227
1208
1124
1193
1202
1093
1150
1155
1149
1125
1219
1162
1287
1160
1153
1232
1247
1289
1253
1191
1192
1060
1303
1136
1204
1115
1115
1123
1179
1168
1135
1209
1120
1085
1156
1129
1212
1153
1128
1141
1112
1196
1124
1036
1143
1130
1064
1136
1118
1048
1092
1167
1147
1176
1180
1150
1118
1163
1078
1110
1154
1129
1124
1102
1136
1135
1114
1169
1075
1217
1063
1200
1128
1127
1095
1149
1143
1232
1061
1112
1086
1116
1141
1170
1171
1136
1160
1170
1110
1135
1094
1088
1064
1082
1120
1096
1082
1080
1024
1132
1044
1135
1166
1161
1103
1166
1113
1155
1181
1170
1134
1108
1074
1171
1077
1070
1152
1121
1154
1128
1089
1115
1148
1213
1138
1236
1189
1124
1221
1188
1236
1284
1154
1234
1232
1209
1250
1144
1086
1263
1091
1308
1131
1107
1105
1152
1178
1196
1168
1195
1004
1108
1149
1164
1144
1029
1061
1141
1191
1103
1243
1104
1181
1157
1126
1130
1158
1091
1170
1174
1312
1184
1123
1151
1201
1063
1127
1080
1224
1084
1146
1146
1108
1103
1142
1100
1101
1212
1134
1105
1173
1145
1068
1044
1054
1065
1089
941
984
1060
873
808
912
796
711
675
441
413
461
392
328
217
131
156
158
65
129
116
151
166
220
201
255
192
171
198
261
222
317
324
423
433
594
632
775
767
784
873
915
963
1010
944
1055
1046
1001
1075
1031
1040
1124
1134
1113
1102
1208
1201
1251
1111
1182
1216
1254
1244
1156
1248
1205
1120
1065
1210
1246
1231
1120
1136
1219
1180
1180
1241
1080
1216
1150
1164
1193
1212
1110
1120
1128
1165
1112
1100
1040
1104
1165
1176
1096
1248
1159
1076
1161
1136
1103
1141
1119
1065
1058
1156
1074
1155
1035
1115
1149
1185
1179
1131
1137
1127
1182
1072
1165
1083
1184