1057
1044
1043
1140
1096
1010
1113
1256
1096
1210
1187
1198
1196
990
1288
1170
1264
1172
1216
1222
1149
1209
1159
1204
1145
1210
1176
1031
1058
991
1166
1117
1070
1056
1042
1052
1119
1176
1230
1296
1243
1230
1208
1298
1180
1181
1216
1140
1194
1266
1260
1244
1221
1273
1223
1228
1252
1218
1246
1176
1148
1155
1043
1157
1182
1123
1171
1105
1197
1161
1158
1126
1045
1168
1157
1121
1208
1196
1162
1100
1064
1134
1122
1123
1198
1134
1160
1152
1174
1146
1145
1127
1136
1121
1064
1084
1148
1104
1207
1097
1226
1171
1109
1172
1131
1069
1078
1118
1056
1096
1045
1018
1050
1092
1109
1146
1105
1052
1118
1074
1096
1088
1116
1097
1041
1133
1140
1117
1041
1117
1057
1070
1122
1123
1116
1027
1090
1058
1107
1048
1104
1111
1115
1083
1118
1040
1130
1083
1090
1060
1139
1156
1076
1153
1114
1065
1144
1072
1027
1038
1102
1152
1081
971
992
1114
1079
1086
1024
1195
1234
1182
1190
1264
1267
1232
1269
1294
1195
1222
1305
1270
1280
1326
1352
1392
1292
1323
1216
1270
1297
1244
1248
1164
1160
1244
1211
1296
1324
1241
1238
1263
1359
1331
1435
1427
1432
1648
1448
1574
1500
1628
1658
1772
1618
1710
1792
2052
1894
1958
1952
1708
1952
1880
2083
1906
1924
2088
2303
2222
2342
2340
2304
2370
2401
2475
2336
2412
2569
2520
2614
2648
2629
2480
2525
2692
2684
2619
2424
2503
2608
2573
2709
2664
2492
2505
2481
2707
2550
2560
2524
2509
2432
2491
2315
2320
2327
2260
2386
2390
2232
2300
2209
2127
2128
2064
2083
2104
2077
2099
2006
1731
1869
1938
1857
1700
1760
1851
1843
1763
1906
1768
1808
1676
1760
1612
1718
1690
1703
1736
1611
1581
1541
1488
1443
1513
1389
1417
1310
1479
1309
1310
1309
1328
1380
1253
1236
1230
1268
1264
1207
1238
1204
1177
1156
1158
1166
1119
1208
1207
1101
1165
1157
1161
1061
1113
1036
1106
1099
1136
1198
1056
1106
1196
1068
1066
1153
1158
1031
1066
1040
1084
1063
1079
1156
1174
1129
1058
1090
1187
1108
1098
1155
1153
1065
1069
1092
1124
1094
1103
1084
1042
1112
1021
1074
1070
1139
1128
1140
1105
1152
1021
1135
1057
1074
1097
1059
1059
1103
1130
1139
1062
1134
1103
1072
1084
1052
1097
1080
1056
1142
1148
1022
1043
1000
1186
1040
1129
1103
1096
1125
1080
1159
1085
1077
1088
1097
1080
1087
975
1079
1140
1155
1088
1002
1084
1166
1175
1034
1102
1127
1136
1122
1123
1026
1210
1108
1128
1057
1086
1070
1041
1104
1153
1164
1153
1214
1174
1204
1224
1050
1120
1186
1211
1207
1156
1192
1210
1226
1164
1242
1225
1095
1244
1200
1214
1232
1214
1228
1211
1232
1140
1214
1240
1116
1109
1142
1146
1172
1240
1238
1200
1154
1138
1035
1201
1190
1226
1120
1228
1232
1167
1073
1100
1003
1208
1120
1176
1166
1163