1060
1186
1227
1191
1119
1162
1085
1195
1027
1125
1127
1137
1230
1238
1251
1204
1115
1079
1176
1241
1226
1300
1213
1172
1286
1149
1065
1152
1186
1118
1037
1143
1140
1114
1150
1156
1142
1027
1046
1155
1091
1105
1084
1125
1141
1104
1016
1124
1079
1117
1234
1132
1204
1217
1150
1225
1156
1161
1106
1158
1149
1122
1099
1181
1244
1053
1094
1152
1252
1180
1249
1137
1095
1190
1162
1123
1184
1092
1074
1134
944
1044
997
888
892
814
812
814
771
667
742
668
638
680
577
333
367
414
321
325
342
347
296
280
296
343
290
339
416
422
442
479
377
376
525
503
431
598
642
549
686
690
787
818
799
858
900
921
1025
987
954
1006
1086
1080
1094
1007
1130
1047
1016
1102
1070
1116
1147
1034
1170
1081
1094
1160
1107
1108
1084
1170
1180
1092
1120
1192
1256
1303
1182
1428
1200
1296
1061
1158
1095
1120
1122
1220
1124
1131
1090
1196
1095
1063
1128
1095
1096
1139
1102
1139
1079
1164
1283
1268
1116
1190
1122
1162
1158
1201
1140
1278
1170
1159
1179
1248
1163
1299
1226
1236
1248
1170
1194
1206
1195
1144
1223
1119
1059
1072
1060
1123
1123
1106
1054
1186
1115
1204
1146
1148
1178
1051
1131
1164
1136
1092
1199
1132
1118
1171
1138
1090
1122
1259
1107
1185
1108
1135
1063
1093
1154
1164
1124
1163
1156
1131
1099
1116
1194
1159
1162
1128
1198
1164
1161
1127
1202
1123
1152
1171
1059
1072
1191
1162
1168
1150
1116
1094
1129
1110
1268
1159
1124
1119
1127
1123
1116
1095
1119
1100
1110
1080
1140
1103
1129
1166
1109
1116
1147
1161
1104
1160
1107
1118
1124
1168
1103
1158
1167
1139
1129
1208
1154
1132
1179
1218
1034
1192
1144
1153
1251
1230
1258
1196
1160
1240
1272
1176
1207
1217
1114
1161
1238
1160
1193
1234
1142
1120
1155
1234
1244
1244
1185
1082
1189
1208
1127
1177
1130
1077
1107
1096
1181
1086
1107
1186
1131
1162
1120
1152
1166
1111
1172
1155
1138
1128
1078
1166
1042
1136
1166
1088
1070
1148
1058
1030
1112
1084
1084
999
991
1032
892
972
940
946
894
801
763
744
718
761
541
694
527
438
475
358
443
427
286
370
306
261
317
299
257
215
223
198
333
243
267
234
394
366
367
455
567
422
629
644
642
809
816
701
978
764
853
893
926
929
995
1041
1100
1075
1049
1020
1079
1173
1033
1148
1158
1091
1135
1060
1089
1324
1066
1160
1148
1116
1185
1240
1116
1194
1204
1258
1203
1238
1140
1224
1216
1145
1284
1192
1149
1208
1325
1165
1052
1061
1138
1102
1107
1120
1093
1105
1120
1083
1203
1111
1225
1121
1089
1203
1127
1157
1206
1124
1076
1108
1173
1103
1132
1198
1178
1128
1156
1126
1066
1153
1015
1209
1169
1157
1178
1188
1139
1140