1033
1038
1104
1097
1102
1165
1236
1159
1160
1183
1324
1257
1181
1223
1213
1268
1171
1174
1233
1280
1203
1154
1118
1134
1061
1117
1058
1108
1145
1088
1050
1043
1155
1008
1041
1125
1004
1233
1039
1175
1084
1153
1044
1082
1020
1067
1076
1067
1061
1140
1158
1225
1187
1164
1240
1171
1168
1206
1188
1212
1204
1179
1230
1166
1270
1136
1133
1081
1224
1208
1192
1264
1135
1167
1114
1039
1049
1120
1089
1096
1070
1141
1099
1030
1056
1171
1167
1200
1236
1129
1163
1158
1191
1220
1092
1115
1236
1231
1152
1081
1120
1204
1087
1168
1266
1232
1196
1216
1069
1140
1146
1189
1134
1140
1040
1139
1185
1228
995
1057
1205
1209
1124
1200
1117
1160
1122
1113
952
1156
1132
1242
1106
1158
1133
1212
1208
1161
1131
1202
1200
1196
1185
1181
1170
1081
1191
1248
1152
1162
1148
1121
1103
1099
1160
1185
1153
1185
1162
1198
1198
1219
1181
1216
1104
1160
1132
1092
1164
1182
1183
1156
1092
1192
1195
1203
1174
1170
1104
1182
1183
1216
1318
1308
1288
1157
1228
1351
1285
1272
1351
1230
1266
1345
1419
1325
1297
1253
1199
1456
1544
1527
1377
1438
1440
1458
1522
1539
1597
1431
1358
1467
1535
1704
1732
1774
1864
1688
1804
1933
1824
1928
1937
1824
1971
1789
1990
2135
1885
2004
2027
2114
2226
2201
2230
2172
2383
2287
2243
2102
2098
2403
2480
2496
2361
2462
2408
2480
2636
2298
2544
2246
2364
2412
2459
2412
2254
2444
2536
2400
2626
2419
2454
2521
2528
2179
2271
2238
2222
2224
2102
2057
2011
2052
2042
1976
2148
2060
2147
1928
1914
2048
1820
1826
1812
1877
1920
1814
1902
1646
1616
1693
1700
1694
1640
1513
1608
1587
1580
1577
1548
1532
1497
1516
1416
1468
1392
1413
1264
1314
1378
1430
1364
1308
1302
1369
1276
1283
1238
1268
1306
1347
1124
1136
1245
1142
1244
1126
1189
1175
1212
1111
1200
1127
1125
1224
1160
1132
1097
1135
1206
1118
1180
1091
1100
1057
1189
1204
1012
1092
1123
1100
1195
1081
1082
1140
1139
1112
1168
1103
1075
1091
1144
1136
1076
988
1045
1060
1113
1015
1107
1099
1096
1112
1113
1139
1120
1065
1034
1065
1092
1086
1170
1104
1110
1030
1051
1000
1038
1074
1093
1076
991
1030
1128
1116
1164
1046
983
1082
1122
1072
1113
1140
1056
1120
1092
1052
1004
1105
1115
1122
1060
1107
1115
1116
1122
1124
1110
1062
1166
1086
1171
1102
1000
1048
1033
1056
1144
1066
1155
1055
1143
1100
1106
1104
1061
1224
1129
1158
1087
1140
1090
1068
1043
1096
1048
1046
940
1112
1147
1101
1066
1067
1090
1094
1147
1055
973
1035
1144
1172
1049
1157
1056
1056
1072
1170
1112
1104
1164
1148
1185
1059
1052
1154
1120
1140
1094
1063
1096
1134
1116
1076
1005
1055
1060
1069
1109
1080
1012
1129
1072
1067
1160
1034
954
1071
1092
1196