1169
1140
1205
1108
1169
1244
1144
1186
1148
1061
1130
1217
1321
1148
1209
1249
1152
1301
1068
1072
1123
1118
1141
1061
1196
1097
1132
1104
1136
1168
1100
1162
1222
1099
1176
1138
1220
1137
1152
1126
1032
1091
1054
1085
1124
1156
1158
1124
1154
1108
1116
1192
1212
1380
1155
1280
1220
1212
1138
1081
1140
1150
1132
1088
1087
1162
1145
1148
1132
1182
1188
1204
1186
1111
1124
1110
1108
1161
1168
1196
1258
1111
1087
1164
1160
1152
1142
1057
1120
1095
1134
990
986
939
1036
967
1019
944
862
927
904
971
864
832
733
697
816
742
739
781
763
657
664
706
686
660
685
645
679
699
772
668
647
686
747
760
768
903
854
699
840
805
875
863
894
946
913
997
1012
980
934
984
1010
988
1015
1087
966
1074
1050
1106
1053
1116
988
1077
1068
1121
1136
1160
1109
1169
1157
1164
1222
1400
1223
1184
1061
1231
1126
1089
1064
1150
1130
1182
1070
1218
1054
1098
1146
1158
1057
1215
1103
1135
1185
1127
1075
1153
1060
1129
1078
1100
1142
1248
1104
1140
1124
1195
1175
1183
1172
1217
1223
1154
1125
1153
1124
1139
1145
1184
1072
1245
1156
1126
1202
1079
1224
1040
1096
1137
1080
1183
1144
1139
1124
1095
1136
1175
1173
1096
1102
1130
1141
1188
1163
1112
1066
1081
1166
1104
1150
1025
1102
1091
1139
1163
1085
1067
1082
1130
1167
1091
1123
1104
1161
1071
1293
999
1180
1076
1133
1123
1107
1139
1132
1104
1144
1171
1098
1032
1058
1108
1132
1195
1102
1205
1135
1142
1084
1120
1134
1116
1144
1127
1133
1137
1207
1112
1104
1038
1167
1114
1045
1083
1084
1145
1146
1108
1166
1125
1126
1158
1198
1148
1112
1152
1144
1111
1156
1148
1134
1145
1079
1187
1152
1041
1114
1193
1107
1150
1140
1229
1264
1273
1240
1216
1222
1240
1213
1185
1136
1154
1216
1189
1131
1190
1128
1192
1116
1183
1103
1177
1208
1108
1111
1096
1063
1115
1058
1152
1137
1109
1138
1078
1017
999
1065
991
967
1036
922
988
976
948
974
883
935
908
831
919
934
765
772
717
855
833
794
598
777
744
729
684
659
692
686
716
649
614
628
700
696
712
622
672
807
772
856
880
934
845
974
954
976
923
896
981
1012
1065
1025
1010
1060
998
1091
1019
1051
1000
1055
1041
1160
1122
1072
1098
1069
1094
1080
1143
1081
1183
1081
1206
1162
1137
1064
1137
1126
1163
1181
1060
1212
1201
1158
1005
1132
1154
1139
1193
1189
1182
1147
1145
1169
1191
1164
1220
1166
1159
1210
1195
1191
1198
1192
1240
1174
1228
1191
1206
1100
1199
1223
1239
1104
1125
1045
1170
1132
1174
1184
1139
1136
1150
1120
1158
1069
1115
1191
1160
1092
1145
1167
1244
1116
1124
1112
1079
1103
1180
1084
1065
1095
1160