980
1020
1031
1109
1061
1152
1053
1058
989
1194
1107
1155
1200
1148
1244
1229
1252
1232
1252
1273
1252
1198
1122
1115
1090
1072
1041
1163
1088
1123
1077
1060
952
1032
1033
1048
1112
1172
1179
1161
1226
1257
1182
1184
1162
1167
1270
1224
1280
1100
1158
1240
1174
1256
1176
1211
1232
1264
1230
1096
1028
1059
1087
1073
1057
1063
1126
1011
1055
1052
1058
1027
1140
1206
1136
1083
1072
1159
1074
1056
1110
1148
1075
1083
1109
1059
1055
1088
1018
1033
989
1084
1154
1084
1048
1162
1095
1123
1118
990
1148
1168
1006
1077
1117
1118
1030
1102
1055
1049
1053
1084
1064
1134
1113
1132
1093
1114
1116
1072
1068
1105
1110
1070
1084
1093
1093
1060
1062
1039
1097
1125
1041
1190
1140
1177
1133
1085
1093
1148
1152
1170
1129
1224
1198
1309
1164
1118
1184
1133
1192
1228
1216
1248
1179
1123
1147
1228
1164
1083
1182
1263
1088
1185
1183
1264
1150
1276
1232
1203
1329
1350
1330
1312
1334
1295
1387
1388
1346
1269
1337
1380
1404
1462
1576
1451
1337
1516
1392
1537
1537
1497
1494
1619
1607
1623
1679
1684
1834
1691
1568
1659
1716
1862
1904
1736
1708
1894
1961
1896
2062
1945
2171
2073
1976
2150
2168
2142
2306
1862
2152
2048
1908
1979
2144
2158
2051
2179
2195
2132
2348
2174
2200
2203
2112
2224
2098
2148
2106
2206
2236
2147
1998
2124
2256
2190
2224
2065
1964
2040
2276
2067
2297
2090
2010
2188
2115
2135
2102
2182
2000
2066
2079
2016
1827
1978
1845
1824
1776
1854
1904
1904
1806
1824
1793
1888
1874
1700
1873
1686
1715
1670
1631
1662
1563
1721
1688
1564
1651
1619
1492
1548
1481
1576
1384
1532
1561
1439
1468
1385
1385
1357
1340
1303
1397
1244
1402
1326
1293
1358
1263
1305
1284
1331
1307
1316
1336
1230
1278
1288
1319
1151
1319
1187
1244
1147
1178
1106
1142
1086
1206
1213
1055
1219
1216
1106
1193
1121
1148
1143
1094
1178
1013
1136
1134
1147
1131
1104
1133
1168
1138
1088
1083
1088
1073
1063
1103
1134
1155
1046
985
1092
997
1177
1157
1185
1133
1124
1081
1145
1136
1072
1124
1066
1131
1159
1090
1123
1129
1148
1071
1020
1069
1036
1100
1024
1105
1108
1139
1115
1070
1026
1011
1109
1098
1171
1057
1170
1072
1086
1073
1053
1092
1062
1026
1158
1074
1081
1089
1107
1099
1142
1152
1092
1150
1170
1064
1009
1086
1078
1034
1043
1008
1096
1028
1035
1079
1083
1086
1103
1124
1090
1118
1154
1188
1111
1079
1134
1073
1159
1049
1114
1046
1048
1139
1073
1052
1155
1103
1096
1006
1103
1075
1101
1146
1089
1072
1043
1073
1037
1085
1169
1132
1073
1187
1085
1095
1100
1047
1079
1158
1091
1046
1136
1145
1082
1165
1136
1043
1081
1024
1043
1144
1208
1096
1238
1235
1220
1225
1264
1072
1211
1241
1276
1177
1200
1224
1128
1112
1156