1118
1142
1160
1226
1228
1207
1146
1295
1177
1104
1141
1241
1186
1296
1317
1193
1152
1235
1103
1058
1107
1105
1172
1116
1169
1078
1220
1284
1193
1238
1264
1092
1136
1110
1152
1153
1046
1072
1114
1232
1150
1122
1139
1151
1136
1200
1054
1121
1126
1222
1056
1176
1123
1121
1096
1125
1150
1102
1044
962
996
1090
1044
1040
1039
999
945
1099
963
1054
964
812
730
777
1003
794
760
894
818
781
604
705
642
512
527
470
544
404
283
396
270
367
353
247
225
241
252
298
421
364
296
342
467
336
524
436
477
502
542
508
552
677
604
619
700
783
797
704
819
835
886
837
882
847
927
846
972
968
1001
977
1006
958
1016
1000
1095
977
1027
1054
1112
1088
1037
1083
1154
1040
1176
1145
1107
1125
1136
1112
1176
1139
1206
1110
1133
1176
1118
1101
1134
1121
1132
1212
1147
1108
1147
1085
1139
1214
1168
1133
1116
1080
1154
1119
1164
1045
1059
1034
1185
1037
1142
1110
1131
1017
1110
1100
1162
1163
1172
1194
1184
1259
1206
1163
1152
1184
1274
1206
1263
1242
1124
1150
1136
1233
1199
1242
1166
1142
1199
1196
1147
1214
1171
1153
1136
1107
1110
1216
997
1092
1158
1144
1057
1112
1095
1086
1210
1131
1134
1176
1100
1103
1127
1063
1109
1174
1091
1146
1059
1156
1206
1164
1136
1109
1066
1127
1141
1238
1104
1121
1121
1151
1178
1082
1083
1191
1161
1156
1160
1143
1124
1129
1126
1129
1159
1155
1137
1102
1126
1084
1177
1107
1053
1147
1132
1236
1167
1140
1156
1024
1128
1162
1132
1113
1139
1144
1168
1104
1039
1014
1122
1136
1143
1081
1059
1097
1068
1160
1268
1226
1260
1248
1192
1287
1202
1167
1175
1074
1243
1107
1067
1110
1108
1184
1168
1272
1254
1172
1217
1120
1241
1180
1171
1088
1169
1191
1241
1180
1142
1190
1200
1189
1147
1243
1304
1196
1218
1149
1228
1088
1183
1111
1114
1112
1150
1142
1236
1095
1092
1078
1051
1172
1174
1147
1054
1140
1124
1071
1110
1142
1080
1091
1092
1135
1131
1086
1038
964
1040
1032
1040
1076
984
899
1007
951
882
826
895
834
824
817
808
892
687
822
681
711
672
673
523
521
586
587
488
412
412
497
415
347
302
355
273
293
414
290
338
210
280
370
350
305
382
382
419
435
372
548
545
554
565
620
642
708
714
792
738
796
878
855
812
956
917
926
947
864
972
1012
919
1027
1090
1125
964
1036
1089
1163
1175
1169
1172
1105
1088
1128
1204
1163
1090
1059
1216
1234
1212
1175
1093
1086
1230
1075
1221
1156
1180
1082
1124
1076
1100
1114
1099
1072
1113
1126
1058
1121
1165
1079
1110
1134
1154
1195
1095
1092
1184
1075
1158
1112
1080
1162
1113
1154
1107
1094
1097
1113
1101
1111