1091
1112
1140
997
1107
1169
1280
1067
1251
1128
1033
998
1066
1122
1057
1124
1031
1065
1168
1051
1065
1127
1131
1169
1132
1120
1106
1073
1117
1099
1067
1067
981
1046
952
1176
1129
1145
1240
1083
1204
1144
1193
1246
1244
1299
1302
1257
1238
1272
1134
1152
1212
1182
1241
1155
1264
1261
1256
1088
1122
1085
1052
1108
1098
1053
1068
1057
1110
1123
1049
1077
1003
1114
989
1124
1167
1061
1164
1105
1151
1051
1103
1122
1140
1099
1138
1080
1057
958
1060
1134
1068
1106
1109
1114
1092
1088
1104
1072
1204
1136
1163
1203
1075
1008
1072
1129
1199
1118
1148
1120
1072
1088
1019
1004
1196
1084
1115
1074
1135
1152
1118
1144
1163
1143
1096
1172
1072
1077
1212
1166
1166
1179
1217
1187
1212
1104
1119
1107
1131
1264
1256
1188
1257
1147
1188
1241
1126
1153
1219
1308
1212
1152
1224
1218
1211
1187
1373
1205
1308
1252
1290
1347
1316
1335
1262
1313
1264
1260
1298
1388
1324
1350
1324
1336
1419
1508
1554
1415
1408
1427
1422
1443
1409
1470
1429
1449
1488
1548
1588
1715
1493
1613
1608
1722
1710
1641
1564
1689
1825
1890
1654
1840
1793
1591
1808
1695
1756
1713
1811
1753
1832
2004
1990
1767
1966
1978
2012
1994
2196
2130
2152
2080
2014
1971
1880
2006
2048
2000
2112
2036
2096
2197
1981
2084
2152
2158
1903
2093
2066
2054
2021
2027
2137
1898
1927
2034
1835
1960
1952
2034
2067
2156
1964
2060
2016
1988
1884
1888
1959
1927
1856
1879
1903
1868
1841
1723
1713
1818
1773
1844
1736
1786
1820
1784
1699
1712
1484
1589
1546
1508
1612
1521
1551
1504
1625
1568
1355
1473
1492
1422
1363
1399
1379
1494
1452
1512
1472
1251
1456
1524
1334
1532
1436
1536
1456
1388
1309
1434
1412
1372
1463
1448
1299
1321
1305
1430
1151
1304
1184
1119
1176
1136
1187
1254
1296
1182
1099
1197
1106
1156
1128
1087
1119
1167
1204
1042
1236
1212
1248
1299
1232
1155
1200
1270
1344
1392
1160
1270
1284
1345
1340
1276
1222
1285
1136
1302
1216
1275
1333
1028
1039
1040
1082
1050
1015
1043
1124
1043
1077
1112
1155
1095
1056
1077
1054
1079
1122
1068
1136
1137
1138
1090
1081
1192
1246
1232
1172
1240
1235
1198
1171
1244
1201
1287
1172
1056
1074
1062
1127
1091
1075
1059
1116
1001
1114
1138
1208
1122
1156
1242
1083
1158
1166
1189
1243
1161
1081
1087
1105
1022
1038
1106
1174
1158
1108
1104
1050
1130
1059
999
1117
1116
1104
1091
1078
991
1130
1094
1170
1010
1110
1032
1080
1130
1063
1086
1143
1042
1113
1113
1102
1051
1068
1083
1114
1061
1023
1110
985
1149
1260
1143
1038
1105
1152
1235
1139
1203
1130
1264
1159
1248
1198
1116
1078
1256
1266
1206
1112
1164
1202
1274
1067
1176
1121
1096
1166
1104
1110
1115
1068
1062
1010
1019
979
1019
1069
1047