1088
1155
1240
1212
1283
1341
1296
1218
1084
1127
1135
1177
1232
1148
1190
1220
1180
1188
1169
1142
1184
1236
1192
1110
1173
1223
1159
1203
1173
1200
1161
1221
1121
1119
1111
1146
1181
1170
1116
1126
1130
1230
1121
1112
1087
1070
1132
1168
1142
1111
1096
1117
1089
1034
1181
1177
974
1118
1089
1016
1036
1066
975
965
976
1030
920
977
916
889
986
950
749
844
826
772
774
750
837
720
785
774
690
688
667
610
653
552
581
648
542
658
595
762
614
719
626
532
618
626
632
483
551
630
602
694
697
629
662
641
699
713
809
828
772
920
942
947
963
890
1006
932
937
912
868
928
954
979
1114
979
1094
967
976
992
1037
1060
1202
1109
1121
1228
1154
1168
1144
1141
1134
1091
1150
1179
1261
1174
1170
1082
1186
1216
1096
1140
1082
1108
1192
1167
1152
1145
1078
1109
1088
1087
999
1124
1114
1120
1128
1088
1171
1084
1104
1049
1151
1212
1206
1054
1158
1090
1214
1106
1036
1156
1072
1154
1120
1189
1097
1069
1098
1059
1200
1127
1122
1074
1120
1116
1066
1130
1153
1095
1131
1104
1095
1126
1169
1096
1206
1099
1129
1103
1112
1152
1087
1136
1181
1175
1137
1128
1115
1102
1091
1120
1138
1118
1174
1089
1028
1140
1145
1025
1118
1108
1154
1138
1103
1036
1140
1198
1168
1168
1065
1062
1122
1142
1081
1091
1119
1118
1186
1100
1092
1096
1176
1074
1097
1183
1199
1267
1179
1250
1210
1147
1275
1315
1088
1172
1136
1241
1272
1155
1242
1201
1257
1390
1278
1209
1200
1208
1165
1168
1176
1181
1156
1089
1110
1178
1190
1118
1064
1152
1076
1115
1096
1164
1112
1137
1129
1198
1142
1138
1090
1128
1178
1137
1226
1077
1055
1127
1143
1090
1071
1131
1027
1145
1164
1084
1129
1068
1053
1069
1108
1134
1077
1105
1084
1143
1228
1170
1068
1145
1085
1051
1103
1071
1156
1065
1088
1145
1086
1102
1124
1118
1079
1151
1093
1089
1145
1103
1092
1204
1095
1138
1138
1099
1098
1071
1134
1152
1132
1124
1136
1088
1118
968
1075
931
1025
1016
1059
972
1057
988
987
940
984
880
976
720
844
880
887
893
874
800
879
758
798
846
803
738
768
689
670
600
593
616
674
688
688
665
534
632
675
713
679
674
670
538
514
639
639
672
629
634
731
744
831
696
836
751
815
892
868
867
953
835
995
915
953
925
992
1013
819
952
937
1082
1014
984
1023
1012
1016
1064
1047
1037
1054
1093
1088
1148
1012
1183
1066
1110
1138
1093
1070
1240
1111
1116
1155
1182
1078
1085
1145
1087
1089
1157
1060
1100
1022
1122
1128
1125
1088
1030
1210
1135
1168
1129
1112
1172
1078
1267
1143
1100
1116
1140
1196
1101
1153
1096
1127
1171
1098
1080
1156
1157