1046
1022
1046
1098
974
1062
1134
1190
1143
1176
1275
1097
1244
1227
1186
1134
1117
1267
1204
1234
1225
1176
1172
1256
1248
1233
1152
1104
1173
1154
1187
1110
1043
1152
1156
1022
1116
1099
1176
1142
1140
1054
1134
1156
1156
1193
1180
1100
1200
1144
1208
1127
971
1239
1066
1098
1192
1154
1182
986
1117
1163
1009
1104
1040
1084
1041
1082
1167
1160
1054
1251
1177
1224
1111
1170
1124
1258
1192
1172
1110
1136
1097
1193
1183
1233
1053
1212
1218
1216
1090
1110
1116
1051
1108
1046
1099
1245
1274
1248
1107
1088
1280
1227
1358
1235
1204
1265
1180
1288
1188
1234
1208
1203
1152
1244
1168
1273
1181
1086
1089
1176
1155
1191
1037
1125
1208
1292
1226
1215
1105
1229
1130
1155
1089
1118
1148
1242
1163
1180
1192
1244
1152
1171
1231
1161
1212
1253
1190
1153
1209
1282
1109
1211
1218
1146
1244
1231
1234
1272
1278
1298
1235
1292
1217
1240
1258
1216
1233
1474
1481
1450
1297
1468
1468
1510
1478
1536
1512
1532
1384
1468
1530
1581
1465
1484
1512
1712
1590
1614
1544
1511
1404
1409
1444
1492
1493
1447
1625
1574
1504
1459
1560
1572
1640
1622
1644
1580
1526
1655
1555
1589
1759
1674
1656
1648
1667
1795
1762
1834
1776
1896
1777
1789
1685
1658
1836
1825
1926
2009
1862
1889
1966
1991
1994
1990
2024
1960
2080
2111
2001
2038
1870
1860
1996
2048
1997
1815
1835
1769
1927
1908
1808
1963
2012
1900
1896
1883
1924
1760
1953
1884
1992
1984
1910
2038
1845
1659
1783
1739
1784
1944
1766
1893
1785
1750
1633
1638
1724
1803
1704
1598
1584
1626
1750
1566
1611
1519
1474
1585
1536
1672
1539
1607
1476
1651
1733
1609
1543
1683
1641
1564
1451
1443
1556
1520
1498
1488
1408
1401
1409
1354
1304
1376
1332
1415
1409
1385
1413
1354
1291
1293
1250
1224
1409
1251
1297
1284
1242
1250
1290
1290
1233
1216
1177
1153
1180
1188
1323
1272
1220
1143
1238
1262
1164
1178
1189
1128
1120
1215
1118
1112
1129
1259
1137
1158
1246
1211
1258
1331
1340
1240
1175
1209
1203
1281
1315
1118
1091
1236
1240
1246
1270
1307
1260
1057
1137
1094
1212
1155
993
1118
1094
1009
1139
976
1055
1159
1081
1142
1223
1125
1119
1041
1043
1153
1056
1108
1173
1090
1080
1072
1167
1120
1014
1054
1131
1034
1112
1052
1066
1027
1032
1069
1089
1129
1110
1117
1063
1056
1100
1106
1114
1043
1159
1171
1072
1055
1106
1197
1118
1094
1124
1156
1152
1037
1116
1163
1126
1132
1144
1165
1084
1133
1066
1144
1091
1219
1054
1064
1107
1183
1175
1166
1172
1122
1153
1208
1008
1126
1148
1136
1106
1194
1169
1174
1152
1181
1074
1113
1169
1150
1147
1109
1186
1277
1178
1120
1097
1184
1199
1188
1188
1057
1092
1061
1129
1116
1147
1217
1201
1055
1181
1136
1109
1164
1226
1152
1075
1080