1069
1120
1203
1314
1211
1260
1234
1098
1164
1009
1153
1134
1056
1048
1156
1155
1124
1153
1120
1148
1076
1112
1092
1132
1161
1108
1024
1064
1105
1164
1131
1141
1155
1253
1126
1103
1213
1096
1155
1176
1243
1191
1176
1318
1274
1242
1131
1012
1159
1085
1123
1071
1086
1059
1134
1098
1035
1131
1027
1052
1045
1066
1006
1048
996
1047
1014
959
991
920
939
957
927
922
825
812
952
1042
938
896
871
860
950
880
780
733
858
733
857
794
764
817
880
794
822
736
852
810
779
814
724
840
816
878
854
811
734
836
851
784
882
813
854
992
824
962
876
901
888
872
958
851
944
920
944
851
1110
1216
1071
1060
1120
1172
977
952
972
1016
1067
1088
1029
1029
1096
1011
1073
1106
1098
1144
1107
1112
1095
1062
1164
1152
1057
1080
1052
1124
1164
1115
1005
1103
1058
1189
1097
1123
1132
1082
1140
1151
1177
1074
1051
1059
1172
1186
1084
1149
1097
1086
1136
1079
1173
1206
1123
1108
1117
1159
1051
1171
1178
1262
1186
1368
1186
1148
1184
1119
1189
1178
1134
1136
1134
1024
1198
1116
1088
1124
1102
1115
1085
1142
1191
1052
1087
1027
1182
1260
1178
1203
1076
1174
1236
1180
1206
1068
1186
1159
1200
1201
1193
1112
1120
1257
1203
1155
1186
1157
1186
1136
1172
1163
1186
1050
1084
1098
1115
1155
1092
1011
1204
1019
1141
1251
1222
1193
1164
1189
1140
1180
1116
1120
1105
1198
1052
1183
1128
1171
1149
1085
1080
1088
1200
1100
1077
1131
1089
1148
1102
1072
1075
1154
1132
1128
1104
1028
1113
1084
1084
1065
1104
1086
1120
1116
1095
1090
1067
1068
1252
1170
1345
1278
1323
1138
1079
1208
1177
1142
1223
1092
1093
1147
1158
1224
1138
1140
1136
1118
1116
1116
1109
1057
1123
1238
1106
1137
1077
1066
1097
1191
1185
1172
1141
1056
1063
1172
1123
1175
1126
1137
1180
1162
1128
1161
1115
1143
1080
1147
1199
1192
1216
1276
1272
1084
1223
1155
1122
1091
1090
1208
1133
1204
1142
1063
1218
1088
1067
1124
1097
1025
1055
1132
1036
938
971
916
925
1003
860
1022
860
934
903
793
912
784
816
891
829
882
793
758
743
696
752
708
686
682
760
701
720
766
673
649
605
746
546
585
727
608
682
731
734
681
739
716
742
714
779
788
898
827
734
800
791
880
836
831
860
941
861
940
952
860
897
1008
952
983
992
991
1035
1072
1057
1062
1009
1041
984
1025
1035
1155
1148
1054
1065
1104
1134
1096
1049
1006
1087
1154
1185
1105
1071
1057
1075
1161
1055
1114
1093
1094
1204
1190
1109
1240
1211
1152
1155
1192
1147
1253
1216
1193
1157
1107
1132
1273
1113
1111
1196
1192
1153
1169
1181
1182
1188
1152
1046
1172
1144
1142
1200
1069