1016
1036
1048
1020
1142
1093
1204
1142
1239
1054
1260
1225
1176
1266
1207
1161
1144
1207
1107
1123
1237
1137
1254
1236
1143
1006
1084
1088
1152
1063
1123
1054
1088
1025
1039
1059
1034
1083
1068
1182
1108
1219
1100
1087
1106
1003
1114
1056
1082
1124
1088
1076
1083
1120
1150
1084
1089
1116
1052
1076
1145
1058
1022
1083
1046
1089
1068
1133
1082
1176
1052
1041
1053
1060
1071
1092
1162
1148
1060
1090
1058
1065
1111
1101
1216
1147
1177
1232
1250
1287
1230
1212
1218
1235
1091
1160
1240
1184
1226
1224
1129
1221
1200
1223
1296
1089
1149
1079
1154
1102
1094
1055
1067
983
998
1095
999
1042
1023
1111
1067
1080
1128
1030
1116
1042
1149
1024
1160
1130
1018
1088
1059
1022
1049
1036
1097
1080
1003
1072
1082
1101
1108
1132
1083
1062
1058
1182
1124
1016
1158
1052
999
1064
1117
1032
1150
1104
996
988
1103
1111
1108
1112
1068
1027
1053
999
1047
1190
1242
1187
1111
1150
1142
1150
1088
1168
1127
1120
1168
1137
1130
1142
1204
1196
1160
1222
987
1180
1216
989
1063
1105
1050
1123
1169
1176
1182
1084
1114
1046
1044
1027
1002
1120
1015
1021
1037
1178
984
1067
1084
1163
1139
1205
1264
1112
1025
1219
1099
1158
1037
1121
1139
1190
1096
1134
1160
1192
1092
1120
1100
1178
1140
1172
1167
1120
1144
1146
1127
1166
1132
1193
1193
1216
1136
1097
1133
1229
1145
1095
1150
1118
1194
1164
1195
1029
1095
1067
980
1092
1093
1073
1100
1038
1056
1131
1062
952
999
1072
1105
1043
1104
1114
1109
1069
1035
1000
1156
1114
1087
1036
1068
1083
1031
1056
1117
1103
1081
1089
1064
1116
1120
1087
1100
1088
1136
1092
1105
1016
1123
1158
1129
1086
1127
1020
1047
1036
1010
1059
1058
1113
1116
1132
1073
1021
1022
1064
1031
1110
1131
1088
1055
1100
1103
979
1003
1085
1090
1051
1126
1069
986
988
1008
1159
1249
1258
1110
1084
1205
1274
1246
1240
1232
1148
1145
1184
1121
1084
1136
1248
1196
1141
1052
1161
1188
1262
1014
1043
1047
997
1100
1107
1060
1067
1042
1125
1142
1218
1270
1141
1176
1288
1226
1221
1246
1259
1276
1158
1082
1099
1120
1127
1066
1047
1102
1057
1122
1186
1191
1227
1216
1140
1217
1296
1166
1260
1078
1302
1189
1287
1178
1203
1095
1176
1257
1200
1226
1242
1224
1296
1114
1056
1007
1060
1094
1065
1056
1118
1125
1077
959
1112
1099
1064
1097
1021
1187
1048
1043
962
1110
1040
1045
1073
1127
1059
1050
1012
1059
1007
1062
1047
1059
1125
1104
1019
1108
1152
1103
985
1034
1053
1088
1074
1111
1102
1087
1089
1024
1078
1097
1012
1065
1100
1015
1126
1131
1119
1164
1168
1048
1112
1074
1097
1094
1091
1104
1052
1088
1074
1004
1042
1080
1083
1088
1093
1155
1106
1091
1095
1004
1086
1064
994
1056
1068