1068
1010
994
1121
1075
1019
1122
1237
1141
1164
1176
1212
1194
1236
1240
1209
1198
1168
1150
1094
1248
1063
1133
1194
1240
1276
1142
1112
1104
1107
1140
1125
1060
1080
946
1068
1099
1142
1200
1104
1198
1090
1232
1186
1134
1209
1226
1182
1248
1196
1173
1154
1052
1227
1258
1238
1116
1134
1224
1044
1126
1186
1159
1152
1083
1000
1148
1202
1111
1095
1143
1087
1144
1048
1015
1072
1014
1052
1080
1184
1211
1148
1024
1125
1082
1088
1093
1140
1072
1088
1121
1145
1179
1268
1248
1172
1168
1309
1139
1153
1198
1147
1115
1316
1160
1187
1209
1242
1132
1201
1205
1074
1136
1219
1193
1084
1145
1074
1082
1188
1084
1140
1088
1128
1103
1105
1130
1164
1102
1148
1180
1176
1100
1113
1051
1080
1049
1059
1021
1023
1038
1081
1063
1122
1103
1012
1159
1144
1087
1108
1121
1029
1110
1048
1053
1133
1180
1057
1020
1162
1212
1213
1205
1157
1252
1208
1157
1151
1264
1312
1304
1179
1287
1188
1254
1322
1224
1292
1228
1210
1188
1212
1185
1232
1281
1174
1368
1338
1315
1300
1291
1468
1376
1339
1434
1448
1614
1520
1440
1377
1543
1665
1572
1400
1641
1562
1464
1620
1605
1742
1604
1735
1692
1706
1867
1680
1763
1940
1714
1856
1872
1878
1780
2000
2068
2032
2216
2105
1854
1989
1943
2043
1896
2128
2060
2190
2218
2095
2150
2087
2277
2097
2363
2235
2166
2062
2216
2296
2214
2276
2335
2137
2280
2138
2361
2265
2226
2310
2268
2115
2336
2292
2178
2427
2416
2264
2160
2258
2097
2176
1916
1899
2020
2000
1807
2125
2033
2048
2056
1951
1884
1932
1864
1790
1645
1815
1765
1719
1831
1767
1710
1688
1560
1627
1640
1583
1660
1556
1632
1664
1577
1515
1635
1367
1401
1576
1453
1428
1466
1404
1322
1270
1280
1411
1314
1401
1380
1294
1377
1224
1351
1318
1290
1243
1294
1289
1198
1216
1244
1161
1214
1285
1271
1274
1162
1149
1157
1289
1287
1166
1119
1152
1160
1128
1059
1087
1144
1126
1143
1090
1210
1057
1081
1106
1121
1106
1089
1184
1127
1141
1210
993
1056
1125
1212
1352
1280
1242
1104
1139
1252
1277
1192
1240
1184
1239
1148
1118
1205
1155
1162
1192
1221
1268
1124
1219
1248
1229
1017
1066
1142
1158
1196
1107
1004
1093
1093
1083
1146
1174
1086
1120
1104
1113
1112
1144
1073
1033
1002
1079
988
1107
1079
1097
1120
1013
1073
1088
1125
1096
1081
1057
1048
1079
1080
1088
1030
1018
966
1082
1008
1129
1069
1268
1131
1315
1232
1128
1204
1314
1106
1191
1156
1185
1220
1167
1147
1086
1267
1186
1196
1248
1164
1260
1080
1091
1044
1062
1078
1061
1036
1141
1113
1138
1233
1184
1064
1046
1159
1080
1209
1158
1076
1160
1245
1082
1158
1208
1208
1156
1104
1189
1185
1114
1123
1178
1120
1173
1192
1166
1187
1055
1176
1184
1123
1166
1172
1196
1098
1176