1023
1035
1073
1053
1136
1096
1125
1031
1088
1155
1200
1193
1212
1130
1174
1120
1246
1249
1227
1281
1276
1120
1219
1041
1105
1258
1095
1048
1156
1024
1082
1017
1070
1093
1060
1100
1111
1119
1102
1248
1076
1248
1190
1232
1206
1197
1100
1128
1185
1224
1204
1300
1218
1240
1265
1204
1201
1147
1256
1046
1068
1026
1171
1094
1076
1139
1160
1248
1074
1248
1233
1238
1262
1120
1189
1283
1110
1212
1248
1212
1252
1213
1280
1171
1252
1060
1088
1011
1017
1043
1148
1094
1132
1110
1019
1081
1044
1099
1012
1114
1151
1124
1086
1059
1152
1061
992
1021
1000
1058
1034
1098
1040
1143
1077
1088
1111
1128
1145
1129
1050
1060
1094
1095
1025
1077
1104
1110
1036
1099
1108
1096
1148
1103
1064
1026
1109
1127
1008
1019
1043
1148
1214
1118
1087
1096
1072
1113
995
1184
1119
1182
1026
1120
1148
1138
1166
1152
979
1164
1182
1090
1196
1034
1137
1271
1040
1125
946
1153
1132
1078
1044
1116
1216
1138
1192
1154
1195
1129
1158
1168
1169
1033
1131
1080
1201
1063
1181
1193
1184
1055
1050
1104
1188
1160
1110
1139
1108
1104
1148
1142
1095
1010
1041
1068
1116
1173
1209
1144
1140
1190
1129
1077
1198
1131
1209
1268
1078
1088
1035
1020
1033
1155
1088
1105
1148
1163
1194
1180
1176
1004
1123
1118
1132
1096
1024
1066
1142
1024
1079
1034
1064
1094
1032
1142
1092
1090
1126
1060
1002
1086
1063
1072
1134
1070
1124
1088
1041
1092
1053
1089
1042
1085
1050
1120
1148
1135
1068
1114
1068
1116
1026
1083
1068
1112
1048
1100
1071
1052
1101
1074
1123
1073
1167
1020
1048
1142
1126
1088
1081
1048
1078
1114
1041
1067
1041
1075
1089
1077
1063
1094
1123
1047
1065
1114
1044
1086
999
1098
968
1058
1080
1116
1079
1094
1017
1037
992
1100
1020
1101
1113
962
1120
1139
1226
1212
1169
1136
1096
1198
1084
1145
1224
1222
1234
1276
1177
1118
1120
1213
1178
1258
1203
1260
1212
1061
1066
1053
1053
1137
1094
1055
1064
1105
1052
1132
1190
1045
1104
1022
1102
1086
1146
1010
968
1056
1059
1150
1061
1092
1063
1135
1051
1056
1091
1219
1070
1051
1084
1070
1079
1114
1082
1103
1158
1044
1100
1030
1140
1132
1171
1061
1057
1030
1038
1010
1044
1012
1052
1089
965
1094
1217
1218
1110
1171
1260
1316
1281
1136
1076
1127
1086
1097
1025
1034
1121
1089
1117
1063
1142
1090
1064
1055
1148
1089
1042
1098
996
1096
1039
1036
1098
1009
1041
1080
1152
1121
1210
1235
1206
1227
1252
1216
1266
1168
1218
1186
1242
1162
1194
1169
1153
1165
1014
975
1122
1071
1014
1038
1080
1008
1035
995
1110
1140
1104
1060
1070
1091
1075
1169
1222
1160
1114
1152
1224
1186
1098
1220
1184
1248
1321
1223
1118
1284
1264
1348
1171
1179
1164
1128
1167
1012
1096
1089
1074
1059